Webots Project File version 8.3.2
perspectives: 000000ff00000000fd0000000200000001000001240000021efc0200000001fb0000001400540065007800740045006400690074006f007201000000000000021e0000004600ffffff00000003000005a0000000dcfc0100000001fb0000000e0043006f006e0073006f006c00650100000000000005a00000004f00ffffff000004760000021e00000001000000020000000100000008fc00000000
simulationViewPerspectives: 000000ff000000010000000200000100000003760100000006010000000100
sceneTreePerspectives: 000000ff00000001000000020000013a000000a80100000006010000000200
minimizedPerspectives: 
maximizedDockId: -1
centralWidgetVisible: 1
orthographicViewHeight: 1
textFiles: -1
renderingDevicePerspectives: 708;1;1;0.182386;0.25
renderingDevicePerspectives: 707;1;1;0.182386;0.25
