Webots Project File version 8.3.2
perspectives: 000000ff00000000fd00000002000000010000020100000222fc0200000001fb0000001400540065007800740045006400690074006f00720100000000000002220000004600ffffff00000003000005a0000000d8fc0100000001fb0000000e0043006f006e0073006f006c00650100000000000005a00000004f00ffffff000003990000022200000001000000020000000100000008fc00000000
simulationViewPerspectives: 000000ff000000010000000200000100000005570100000006010000000100
sceneTreePerspectives: 000000ff0000000100000002000000c00000007b0100000006010000000200
minimizedPerspectives: 
maximizedDockId: -1
centralWidgetVisible: 1
orthographicViewHeight: 1
textFiles: -1
renderingDevicePerspectives: 852;0;1;0.69341;0.76115
renderingDevicePerspectives: 851;0;1;0.69341;0.76115;1885;979;640;480;0
