Webots Project File version 8.3.2
perspectives: 000000ff00000000fd0000000200000001000002bd00000382fc0200000001fb0000001400540065007800740045006400690074006f00720100000015000003820000009d00ffffff0000000300000781000000d8fc0100000001fb0000000e0043006f006e0073006f006c00650100000000000007810000005400ffffff000004be0000038200000001000000020000000100000008fc00000000
simulationViewPerspectives: 000000ff000000010000000200000100000005570100000006010000000100
sceneTreePerspectives: 000000ff0000000100000002000000c00000007b0100000006010000000200
minimizedPerspectives: 
maximizedDockId: -1
centralWidgetVisible: 1
orthographicViewHeight: 1
textFiles: 0 "controllers/kinect/kinect.c"
renderingDevicePerspectives: 851;1;1;0.337185;0.286223
renderingDevicePerspectives: 852;0;1;0.630252;0.713777
